  4.8202470e+000  2.3589140e+002
  5.1212771e+000  3.0665600e+002
  5.2973683e+000  3.9073340e+002
  5.4223071e+000  4.3244720e+002
  5.5983983e+000  4.8352970e+002
  5.8202471e+000  5.3953070e+002
  6.0243671e+000  5.7322950e+002
  6.2181871e+000  5.9081610e+002
  6.4223071e+000  5.9033660e+002
  6.6195876e+000  5.7163900e+002
  6.8202471e+000  5.3786550e+002
  7.0243671e+000  5.0690530e+002
  7.2181871e+000  4.6886250e+002
  7.2973683e+000  4.5355080e+002
  7.6195876e+000  3.8891340e+002
  7.8202471e+000  3.5143220e+002
  3.2202470e+000  3.1857100e+001
  3.5212771e+000  4.7749080e+001
  3.6973683e+000  6.0907610e+001
  3.8223071e+000  7.1725380e+001
  3.9983983e+000  8.9724490e+001
  4.2202471e+000  1.2258710e+002
  4.4243671e+000  1.5987870e+002
  4.6181871e+000  2.0074610e+002
  4.8223071e+000  2.5309420e+002
  5.0195876e+000  2.9443040e+002
  5.2202471e+000  3.6253870e+002
  5.4243671e+000  4.1504340e+002
  5.6181871e+000  4.6862590e+002
  5.6973683e+000  4.8364690e+002
  6.0195876e+000  5.4057200e+002
  6.2202471e+000  5.6377600e+002
  1.8702470e+000  7.0777200e+000
  2.1712771e+000  9.9142810e+000
  2.3473683e+000  1.2037500e+001
  2.4723071e+000  1.3959670e+001
  2.6483983e+000  1.7245270e+001
  2.8702471e+000  2.2491690e+001
  3.0743671e+000  2.9203180e+001
  3.2681871e+000  3.7462860e+001
  3.4723071e+000  4.8981930e+001
  3.6695876e+000  6.3086660e+001
  3.8702471e+000  8.3110140e+001
  4.0743671e+000  1.0662150e+002
  4.2681871e+000  1.3642200e+002
  4.3473683e+000  1.4994600e+002
  4.6695876e+000  2.0259560e+002
  4.8702471e+000  2.4901950e+002
  9.2024705e-001  3.1687990e+000
  1.2212771e+000  3.9360900e+000
  1.3973683e+000  4.5112380e+000
  1.5223071e+000  5.0619590e+000
  1.6983983e+000  5.9890360e+000
  1.9202471e+000  7.5137400e+000
  2.1243671e+000  9.4451420e+000
  2.3181871e+000  1.1675980e+001
  2.5223071e+000  1.4718110e+001
  2.7195876e+000  1.8523480e+001
  2.9202471e+000  2.3544070e+001
  3.1243671e+000  2.9867720e+001
  3.3181871e+000  3.7798720e+001
  3.3973683e+000  4.1724180e+001
  3.7195876e+000  6.1817980e+001
  3.9202471e+000  7.9550200e+001
  1.2024705e-001  2.1220980e+000
  4.2127708e-001  2.3282090e+000
  5.9736834e-001  2.5151350e+000
  7.2230708e-001  2.6843760e+000
  8.9839834e-001  3.0026830e+000
  1.1202471e+000  3.5496820e+000
  1.3243671e+000  4.2309720e+000
  1.5181871e+000  5.0700700e+000
  1.7223071e+000  6.2253930e+000
  1.9195876e+000  7.7306360e+000
  2.1202471e+000  9.5906290e+000
  2.3243671e+000  1.2110870e+001
  2.5181871e+000  1.5066920e+001
  2.5973683e+000  1.6548590e+001
  2.9195876e+000  2.4041790e+001
  3.1202471e+000  3.0609040e+001
