  4.6492933e+000  1.5279840e+002
  4.9503233e+000  2.3991100e+002
  5.1264146e+000  2.8609580e+002
  5.2513533e+000  3.2286240e+002
  5.4274446e+000  3.8059130e+002
  5.6492933e+000  4.5033010e+002
  5.8534133e+000  5.1800350e+002
  6.0472333e+000  5.6448900e+002
  6.2513533e+000  5.9838400e+002
  6.4486339e+000  6.1194000e+002
  6.6492933e+000  6.2844740e+002
  6.8534133e+000  6.0261840e+002
  7.0472333e+000  5.8347630e+002
  7.1264146e+000  5.7282020e+002
  7.4486339e+000  5.2356400e+002
  7.6492933e+000  4.8766620e+002
  3.0492933e+000  1.6306510e+001
  3.3503233e+000  2.5271410e+001
  3.5264146e+000  3.4126280e+001
  3.6513533e+000  4.2198660e+001
  3.8274446e+000  5.4887000e+001
  4.0492933e+000  7.9952000e+001
  4.2534133e+000  1.0291530e+002
  4.4472333e+000  1.3732490e+002
  4.6513533e+000  1.8263840e+002
  4.8486339e+000  2.1930020e+002
  5.0492933e+000  2.7472070e+002
  5.2534133e+000  3.2399410e+002
  5.4472333e+000  3.7623430e+002
  5.5264146e+000  4.0115710e+002
  5.8486339e+000  4.7792050e+002
  6.0492933e+000  5.1314100e+002
  1.9492933e+000  4.2500230e+000
  2.2503233e+000  5.9454860e+000
  2.4264146e+000  7.4111080e+000
  2.5513533e+000  8.5480850e+000
  2.7274446e+000  1.0821940e+001
  2.9492933e+000  1.4657400e+001
  3.1534133e+000  1.9354370e+001
  3.3472333e+000  2.5331820e+001
  3.5513533e+000  3.3740350e+001
  3.7486339e+000  4.6700080e+001
  3.9492933e+000  6.3029020e+001
  4.1534133e+000  8.3748420e+001
  4.3472333e+000  1.1001210e+002
  4.4264146e+000  1.2228590e+002
  4.7486339e+000  1.6213120e+002
  4.9492933e+000  2.0374800e+002
  9.4929327e-001  1.6723330e+000
  1.2503233e+000  2.1493110e+000
  1.4264146e+000  2.5499870e+000
  1.5513533e+000  2.8707600e+000
  1.7274446e+000  3.4540110e+000
  1.9492933e+000  4.4525060e+000
  2.1534133e+000  5.6801860e+000
  2.3472333e+000  7.1675220e+000
  2.5513533e+000  9.2425140e+000
  2.7486339e+000  1.1947910e+001
  2.9492933e+000  1.5683880e+001
  3.1534133e+000  2.0318460e+001
  3.3472333e+000  2.6409320e+001
  3.4264146e+000  2.9537800e+001
  3.7486339e+000  4.5659630e+001
  3.9492933e+000  6.0357940e+001
  1.4929327e-001  1.0314480e+000
  4.5032331e-001  1.1796640e+000
  6.2641457e-001  1.3029880e+000
  7.5135331e-001  1.4189710e+000
  9.2744456e-001  1.6149920e+000
  1.1492933e+000  1.9539190e+000
  1.3534133e+000  2.3811520e+000
  1.5472333e+000  2.9381540e+000
  1.7513533e+000  3.7108560e+000
  1.9486339e+000  4.6821270e+000
  2.1492933e+000  6.0281160e+000
  2.3534133e+000  7.7103150e+000
  2.5472333e+000  9.8230780e+000
  2.6264146e+000  1.0821120e+001
  2.9486339e+000  1.6233280e+001
  3.1492933e+000  2.1125630e+001
