  4.5923359e+000  2.2789390e+002
  4.8933660e+000  3.2826410e+002
  5.0694572e+000  3.9772740e+002
  5.1943960e+000  4.4899400e+002
  5.3704872e+000  5.2791910e+002
  5.5923360e+000  6.2277100e+002
  5.7964560e+000  6.9246520e+002
  5.9902760e+000  7.4977940e+002
  6.1943960e+000  7.8939900e+002
  6.3916765e+000  8.2010720e+002
  6.5923360e+000  8.4436880e+002
  6.7964560e+000  8.2823970e+002
  6.9902760e+000  8.0597180e+002
  7.0694572e+000  7.9462380e+002
  7.3916765e+000  7.2595820e+002
  7.5923360e+000  6.8305710e+002
  3.0423359e+000  3.6311980e+001
  3.3433660e+000  5.2513380e+001
  3.5194572e+000  6.6859320e+001
  3.6443960e+000  7.9131990e+001
  3.8204872e+000  1.0002760e+002
  4.0423360e+000  1.3029430e+002
  4.2464560e+000  1.6917270e+002
  4.4402760e+000  2.0962350e+002
  4.6443960e+000  2.6341930e+002
  4.8416765e+000  3.1670160e+002
  5.0423360e+000  3.8461600e+002
  5.2464560e+000  4.6430740e+002
  5.4402760e+000  5.4128130e+002
  5.5194572e+000  5.7193490e+002
  5.8416765e+000  6.7570000e+002
  6.0423360e+000  7.2788630e+002
  1.8423359e+000  1.1082060e+001
  2.1433660e+000  1.4279600e+001
  2.3194572e+000  1.6732960e+001
  2.4443960e+000  1.9458680e+001
  2.6204872e+000  2.4028580e+001
  2.8423360e+000  3.0947380e+001
  3.0464560e+000  3.8984260e+001
  3.2402760e+000  4.8949880e+001
  3.4443960e+000  6.2833300e+001
  3.6416765e+000  7.8498280e+001
  3.8423360e+000  1.0113010e+002
  4.0464560e+000  1.2898990e+002
  4.2402760e+000  1.6314000e+002
  4.3194572e+000  1.7958520e+002
  4.6416765e+000  2.4428870e+002
  4.8423360e+000  2.9605560e+002
  9.9233594e-001  5.5924280e+000
  1.2933660e+000  6.6490110e+000
  1.4694572e+000  7.5637600e+000
  1.5943960e+000  8.3452930e+000
  1.7704872e+000  9.6739920e+000
  1.9923360e+000  1.1937550e+001
  2.1964560e+000  1.4398000e+001
  2.3902760e+000  1.7659530e+001
  2.5943960e+000  2.1836770e+001
  2.7916765e+000  2.6597560e+001
  2.9923360e+000  3.3001800e+001
  3.1964560e+000  4.1616220e+001
  3.3902760e+000  5.1660450e+001
  3.4694572e+000  5.6794680e+001
  3.7916765e+000  8.1282050e+001
  3.9923360e+000  1.0301190e+002
  9.2335940e-002  3.8598780e+000
  3.9336598e-001  4.2076890e+000
  5.6945724e-001  4.4927120e+000
  6.9439597e-001  4.7583480e+000
  8.7048723e-001  5.2108200e+000
  1.0923360e+000  6.0020660e+000
  1.2964560e+000  7.0503320e+000
  1.4902760e+000  8.2742900e+000
  1.6943960e+000  9.9883500e+000
  1.8916765e+000  1.2036120e+001
  2.0923360e+000  1.4618010e+001
  2.2964560e+000  1.8160940e+001
  2.4902760e+000  2.2264820e+001
  2.5694572e+000  2.4192560e+001
  2.8916765e+000  3.4350950e+001
  3.0923360e+000  4.3110040e+001
