  4.7177138e+000  5.4835440e+001
  5.0187439e+000  9.3467440e+001
  5.1948351e+000  1.5590960e+002
  5.3197738e+000  1.9125750e+002
  5.4958651e+000  2.6029030e+002
  5.7177139e+000  3.4019020e+002
  5.9218338e+000  4.4572590e+002
  6.1156539e+000  5.3325560e+002
  6.3197738e+000  6.5513820e+002
  6.5170544e+000  7.2395140e+002
  6.7177139e+000  8.2189340e+002
  6.9218338e+000  9.1659440e+002
  7.1156539e+000  1.0060680e+003
  7.1948351e+000  1.0469800e+003
  7.5170544e+000  1.1799820e+003
  7.7177139e+000  1.2548930e+003
  3.1177138e+000  6.8159580e+000
  3.4187439e+000  9.1267660e+000
  3.5948351e+000  1.1630260e+001
  3.7197738e+000  1.3401620e+001
  3.8958651e+000  1.6359770e+001
  4.1177139e+000  2.2195340e+001
  4.3218338e+000  3.0603090e+001
  4.5156539e+000  4.1365370e+001
  4.7197738e+000  6.3673910e+001
  4.9170544e+000  8.6970530e+001
  5.1177139e+000  1.3025480e+002
  5.3218338e+000  1.6522070e+002
  5.5156539e+000  2.1914920e+002
  5.5948351e+000  2.3626740e+002
  5.9170544e+000  3.0374940e+002
  6.1177139e+000  3.7538430e+002
  1.8177138e+000  4.5000000e+000
  2.1187439e+000  4.7000000e+000
  2.2948351e+000  4.9918790e+000
  2.4197738e+000  5.3331060e+000
  2.5958651e+000  5.8404780e+000
  2.8177139e+000  6.6611680e+000
  3.0218338e+000  7.7579100e+000
  3.2156539e+000  9.0511210e+000
  3.4197738e+000  1.0905990e+001
  3.6170544e+000  1.3471300e+001
  3.8177139e+000  1.6847490e+001
  4.0218338e+000  2.2452560e+001
  4.2156539e+000  2.9889560e+001
  4.2948351e+000  3.3784180e+001
  4.6170544e+000  5.4382950e+001
  4.8177139e+000  7.6527700e+001
  9.1771381e-001  3.1045440e+000
  1.2187439e+000  3.2965910e+000
  1.3948351e+000  3.4387780e+000
  1.5197738e+000  3.5577880e+000
  1.6958651e+000  3.7594080e+000
  1.9177139e+000  4.0740640e+000
  2.1218338e+000  4.4722890e+000
  2.3156539e+000  4.9381280e+000
  2.5197738e+000  5.5748340e+000
  2.7170544e+000  6.3773390e+000
  2.9177139e+000  7.4951950e+000
  3.1218338e+000  8.7887200e+000
  3.3156539e+000  1.0503720e+001
  3.3948351e+000  1.1362750e+001
  3.7170544e+000  1.6188140e+001
  3.9177139e+000  2.0922440e+001
  2.1771381e-001  2.8684070e+000
  5.1874385e-001  2.9990600e+000
  6.9483511e-001  3.0754180e+000
  8.1977385e-001  3.1369500e+000
  9.9586511e-001  3.2285480e+000
  1.2177139e+000  3.3633940e+000
  1.4218338e+000  3.5216750e+000
  1.6156539e+000  3.7142380e+000
  1.8197738e+000  3.9757030e+000
  2.0170544e+000  4.2906160e+000
  2.2177139e+000  4.7051200e+000
  2.4218338e+000  5.2723410e+000
  2.6156539e+000  5.9475220e+000
  2.6948351e+000  6.2820300e+000
  3.0170544e+000  7.9959290e+000
  3.2177139e+000  9.4879610e+000
