  4.8202470e+000  2.1191940e+002
  5.1212771e+000  3.2599560e+002
  5.2973683e+000  4.2563880e+002
  5.4223071e+000  5.0689570e+002
  5.5983983e+000  6.2697420e+002
  5.8202471e+000  8.0698610e+002
  6.0243671e+000  9.9186300e+002
  6.2181871e+000  1.1928460e+003
  6.4223071e+000  1.3790280e+003
  6.6195876e+000  1.5811410e+003
  6.8202471e+000  1.7693020e+003
  7.0243671e+000  1.9242700e+003
  7.2181871e+000  2.0654810e+003
  7.2973683e+000  2.1177990e+003
  7.6195876e+000  2.3082970e+003
  7.8202471e+000  2.4067560e+003
  3.2202470e+000  4.6548160e+001
  3.5212771e+000  5.9483840e+001
  3.6973683e+000  6.9152550e+001
  3.8223071e+000  7.7425160e+001
  3.9983983e+000  9.0924800e+001
  4.2202471e+000  1.1285340e+002
  4.4243671e+000  1.4758820e+002
  4.6181871e+000  1.8315840e+002
  4.8223071e+000  2.3388580e+002
  5.0195876e+000  2.9170160e+002
  5.2202471e+000  3.7695220e+002
  5.4243671e+000  4.7666280e+002
  5.6181871e+000  5.9721430e+002
  5.6973683e+000  6.4704760e+002
  6.0195876e+000  8.6980780e+002
  6.2202471e+000  1.0467910e+003
  1.8702470e+000  2.2922080e+001
  2.1712771e+000  2.5613560e+001
  2.3473683e+000  2.7694040e+001
  2.4723071e+000  2.9438620e+001
  2.6483983e+000  3.2358250e+001
  2.8702471e+000  3.6950680e+001
  3.0743671e+000  4.2080820e+001
  3.2681871e+000  4.8559530e+001
  3.4723071e+000  5.7154180e+001
  3.6695876e+000  6.7552610e+001
  3.8702471e+000  8.1933380e+001
  4.0743671e+000  9.9860950e+001
  4.2681871e+000  1.2387440e+002
  4.3473683e+000  1.3535940e+002
  4.6695876e+000  1.8493640e+002
  4.8702471e+000  2.3266580e+002
  9.2024705e-001  1.8760340e+001
  1.2212771e+000  1.9956740e+001
  1.3973683e+000  2.0708550e+001
  1.5223071e+000  2.1349100e+001
  1.6983983e+000  2.2359060e+001
  1.9202471e+000  2.3881600e+001
  2.1243671e+000  2.5702120e+001
  2.3181871e+000  2.7766500e+001
  2.5223071e+000  3.0530600e+001
  2.7195876e+000  3.3776690e+001
  2.9202471e+000  3.7852310e+001
  3.1243671e+000  4.3218200e+001
  3.3181871e+000  4.9648360e+001
  3.3973683e+000  5.2668710e+001
  3.7195876e+000  6.8004610e+001
  3.9202471e+000  8.1370430e+001
  1.2024705e-001  1.5671510e+001
  4.2127708e-001  1.6522580e+001
  5.9736834e-001  1.7038170e+001
  7.2230708e-001  1.7434560e+001
  8.9839834e-001  1.8003330e+001
  1.1202471e+000  1.8772380e+001
  1.3243671e+000  1.9664350e+001
  1.5181871e+000  2.0641530e+001
  1.7223071e+000  2.1897350e+001
  1.9195876e+000  2.3395160e+001
  2.1202471e+000  2.5239860e+001
  2.3243671e+000  2.7636040e+001
  2.5181871e+000  3.0429300e+001
  2.5973683e+000  3.1747480e+001
  2.9195876e+000  3.8404650e+001
  3.1202471e+000  4.3957800e+001
