  4.5923359e+000  2.1125320e+002
  4.8933660e+000  3.2162870e+002
  5.0694572e+000  4.1489510e+002
  5.1943960e+000  4.9352310e+002
  5.3704872e+000  6.1439700e+002
  5.5923360e+000  8.0788240e+002
  5.7964560e+000  1.0145460e+003
  5.9902760e+000  1.2358220e+003
  6.1943960e+000  1.4789500e+003
  6.3916765e+000  1.7381410e+003
  6.5923360e+000  2.0004920e+003
  6.7964560e+000  2.2606040e+003
  6.9902760e+000  2.5022050e+003
  7.0694572e+000  2.5967760e+003
  7.3916765e+000  2.9514470e+003
  7.5923360e+000  3.1461480e+003
  3.0423359e+000  6.1052160e+001
  3.3433660e+000  7.4294380e+001
  3.5194572e+000  8.5088560e+001
  3.6443960e+000  9.4819740e+001
  3.8204872e+000  1.1102450e+002
  4.0423360e+000  1.3304120e+002
  4.2464560e+000  1.6640860e+002
  4.4402760e+000  2.0173790e+002
  4.6443960e+000  2.5189740e+002
  4.8416765e+000  3.1597780e+002
  5.0423360e+000  4.0745120e+002
  5.2464560e+000  5.2747720e+002
  5.4402760e+000  6.7342280e+002
  5.5194572e+000  7.3876860e+002
  5.8416765e+000  1.0521350e+003
  6.0423360e+000  1.2702710e+003
  1.8423359e+000  3.7570160e+001
  2.1433660e+000  4.0988750e+001
  2.3194572e+000  4.3543670e+001
  2.4443960e+000  4.6222900e+001
  2.6204872e+000  5.0561240e+001
  2.8423360e+000  5.7002800e+001
  3.0464560e+000  6.3869120e+001
  3.2402760e+000  7.2026500e+001
  3.4443960e+000  8.2945470e+001
  3.6416765e+000  9.5310740e+001
  3.8423360e+000  1.1213780e+002
  4.0464560e+000  1.3484130e+002
  4.2402760e+000  1.6241720e+002
  4.3194572e+000  1.7629060e+002
  4.6416765e+000  2.3639980e+002
  4.8423360e+000  2.9099000e+002
  9.9233594e-001  3.0881960e+001
  1.2933660e+000  3.2771640e+001
  1.4694572e+000  3.4119140e+001
  1.5943960e+000  3.5108440e+001
  1.7704872e+000  3.6716250e+001
  1.9923360e+000  3.9294490e+001
  2.1964560e+000  4.1938680e+001
  2.3902760e+000  4.5240280e+001
  2.5943960e+000  4.9322980e+001
  2.7916765e+000  5.3968840e+001
  2.9923360e+000  6.0364190e+001
  3.1964560e+000  6.7521530e+001
  3.3902760e+000  7.6201600e+001
  3.4694572e+000  8.0345020e+001
  3.7916765e+000  1.0018630e+002
  3.9923360e+000  1.1725500e+002
  9.2335940e-002  2.5386220e+001
  3.9336598e-001  2.6738340e+001
  5.6945724e-001  2.7582970e+001
  6.9439597e-001  2.8227780e+001
  8.7048723e-001  2.9120540e+001
  1.0923360e+000  3.0393420e+001
  1.2964560e+000  3.1825370e+001
  1.4902760e+000  3.3386280e+001
  1.6943960e+000  3.5337770e+001
  1.8916765e+000  3.7539840e+001
  2.0923360e+000  4.0454690e+001
  2.2964560e+000  4.3862030e+001
  2.4902760e+000  4.7984390e+001
  2.5694572e+000  4.9880540e+001
  2.8916765e+000  5.9330790e+001
  3.0923360e+000  6.7112820e+001
