  4.6492933e+000  1.0546890e+002
  4.9503233e+000  1.7399360e+002
  5.1264146e+000  2.2953950e+002
  5.2513533e+000  2.7863220e+002
  5.4274446e+000  3.7598890e+002
  5.6492933e+000  5.0868820e+002
  5.8534133e+000  6.6844950e+002
  6.0472333e+000  8.3831450e+002
  6.2513533e+000  1.0239840e+003
  6.4486339e+000  1.2145650e+003
  6.6492933e+000  1.3874550e+003
  6.8534133e+000  1.5953290e+003
  7.0472333e+000  1.7710490e+003
  7.1264146e+000  1.8360000e+003
  7.4486339e+000  2.1000920e+003
  7.6492933e+000  2.2444710e+003
  3.0492933e+000  2.0984420e+001
  3.3503233e+000  2.6632790e+001
  3.5264146e+000  3.1785060e+001
  3.6513533e+000  3.6486360e+001
  3.8274446e+000  4.3722380e+001
  4.0492933e+000  5.6173850e+001
  4.2534133e+000  7.4897280e+001
  4.4472333e+000  9.7629880e+001
  4.6513533e+000  1.3268210e+002
  4.8486339e+000  1.7022870e+002
  5.0492933e+000  2.2607400e+002
  5.2534133e+000  3.0775540e+002
  5.4472333e+000  3.9896750e+002
  5.5264146e+000  4.4607120e+002
  5.8486339e+000  6.5687000e+002
  6.0492933e+000  8.0925290e+002
  1.9492933e+000  1.2893730e+001
  2.2503233e+000  1.4466850e+001
  2.4264146e+000  1.5631940e+001
  2.5513533e+000  1.6536720e+001
  2.7274446e+000  1.8245820e+001
  2.9492933e+000  2.0850350e+001
  3.1534133e+000  2.4261920e+001
  3.3472333e+000  2.8177300e+001
  3.5513533e+000  3.3499550e+001
  3.7486339e+000  4.1599720e+001
  3.9492933e+000  5.1091180e+001
  4.1534133e+000  6.4558440e+001
  4.3472333e+000  8.2283820e+001
  4.4264146e+000  9.0875070e+001
  4.7486339e+000  1.2097750e+002
  4.9492933e+000  1.6043550e+002
  9.4929327e-001  9.8428560e+000
  1.2503233e+000  1.0526330e+001
  1.4264146e+000  1.0978940e+001
  1.5513533e+000  1.1322840e+001
  1.7274446e+000  1.1878120e+001
  1.9492933e+000  1.2754260e+001
  2.1534133e+000  1.3805460e+001
  2.3472333e+000  1.5059630e+001
  2.5513533e+000  1.6762140e+001
  2.7486339e+000  1.8810360e+001
  2.9492933e+000  2.1478920e+001
  3.1534133e+000  2.4841040e+001
  3.3472333e+000  2.9009670e+001
  3.4264146e+000  3.1029240e+001
  3.7486339e+000  4.1243380e+001
  3.9492933e+000  5.0372970e+001
  1.4929327e-001  8.6243680e+000
  4.5032331e-001  9.0249180e+000
  6.2641457e-001  9.3104160e+000
  7.5135331e-001  9.5149840e+000
  9.2744456e-001  9.8184860e+000
  1.1492933e+000  1.0265160e+001
  1.3534133e+000  1.0724550e+001
  1.5472333e+000  1.1261060e+001
  1.7513533e+000  1.1962160e+001
  1.9486339e+000  1.2834700e+001
  2.1492933e+000  1.3987920e+001
  2.3534133e+000  1.5416810e+001
  2.5472333e+000  1.7127850e+001
  2.6264146e+000  1.7971540e+001
  2.9486339e+000  2.2139740e+001
  3.1492933e+000  2.5725930e+001
